{
 "cells": [
  {
   "cell_type": "code",
   "execution_count": null,
   "metadata": {},
   "outputs": [],
   "source": [
    "pip install yfinance"
   ]
  },
  {
   "cell_type": "code",
   "execution_count": 4,
   "metadata": {},
   "outputs": [],
   "source": [
    "import numpy as np\n",
    "import pandas as pd\n",
    "import matplotlib.pyplot as plt\n",
    "import yfinance as yf\n",
    "\n",
    "from IPython.display import display "
   ]
  },
  {
   "cell_type": "code",
   "execution_count": 11,
   "metadata": {},
   "outputs": [],
   "source": [
    "# Lista 1\n",
    "tickers_list_1 = ['AAPL', 'MSFT', 'GOOGL', 'NVDA', 'AMD','TSLA','NFLX','AMZN','META','PEP','WMT','KO','V','JNJ','DIS','CAT','T']\n"
   ]
  },
  {
   "cell_type": "code",
   "execution_count": 12,
   "metadata": {},
   "outputs": [],
   "source": [
    "# Descargar la información histórica para cada ticker de la lista 1\n",
    "historical_data_1 = pd.DataFrame()  # DataFrame vacío para almacenar los datos\n",
    "for ticker in tickers_list_1:\n",
    "    data = yf.Ticker(ticker).history(period=\"1y\")[['Close']]\n",
    "    data.columns = [ticker]  # Cambiar el nombre de la columna a ser el ticker\n",
    "    historical_data_1 = pd.concat([historical_data_1, data], axis=1)\n",
    "\n",
    "# Descargar la información histórica para cada ticker de la lista 2\n",
    "historical_data_2 = pd.DataFrame()  # DataFrame vacío para almacenar los datos\n",
    "for ticker in tickers_list_2:\n",
    "    data = yf.Ticker(ticker).history(period=\"1y\")[['Close']]\n",
    "    data.columns = [ticker]  # Cambiar el nombre de la columna a ser el ticker\n",
    "    historical_data_2 = pd.concat([historical_data_2, data], axis=1)\n",
    "# Redondear los valores de cierre a 2 decimales\n",
    "historical_data = historical_data_1.round(2)\n",
    "\n",
    "# Finalmente, ajustamos el índice DateTime para que solo muestre año, mes y día\n",
    "historical_data.index = historical_data.index.date\n",
    "# Finalmente, ajustamos el índice DateTime para que solo muestre año, mes y día\n",
    "historical_data_1.index = historical_data_1.index.date\n",
    "#historical_data_2.index = historical_data_2.index.date"
   ]
  },
  {
   "cell_type": "code",
   "execution_count": 21,
   "metadata": {},
   "outputs": [
    {
     "name": "stdout",
     "output_type": "stream",
     "text": [
      "Datos históricos de la lista 1:\n",
      "\n"
     ]
    },
    {
     "data": {
      "text/html": [
       "<div>\n",
       "<style scoped>\n",
       "    .dataframe tbody tr th:only-of-type {\n",
       "        vertical-align: middle;\n",
       "    }\n",
       "\n",
       "    .dataframe tbody tr th {\n",
       "        vertical-align: top;\n",
       "    }\n",
       "\n",
       "    .dataframe thead th {\n",
       "        text-align: right;\n",
       "    }\n",
       "</style>\n",
       "<table border=\"1\" class=\"dataframe\">\n",
       "  <thead>\n",
       "    <tr style=\"text-align: right;\">\n",
       "      <th></th>\n",
       "      <th>AAPL</th>\n",
       "      <th>MSFT</th>\n",
       "      <th>GOOGL</th>\n",
       "      <th>NVDA</th>\n",
       "      <th>AMD</th>\n",
       "      <th>TSLA</th>\n",
       "      <th>NFLX</th>\n",
       "      <th>AMZN</th>\n",
       "      <th>META</th>\n",
       "      <th>PEP</th>\n",
       "      <th>WMT</th>\n",
       "      <th>KO</th>\n",
       "      <th>V</th>\n",
       "      <th>JNJ</th>\n",
       "      <th>DIS</th>\n",
       "      <th>CAT</th>\n",
       "      <th>T</th>\n",
       "    </tr>\n",
       "  </thead>\n",
       "  <tbody>\n",
       "    <tr>\n",
       "      <th>2023-10-26</th>\n",
       "      <td>166.040359</td>\n",
       "      <td>325.447174</td>\n",
       "      <td>121.977959</td>\n",
       "      <td>40.313805</td>\n",
       "      <td>93.669998</td>\n",
       "      <td>205.759995</td>\n",
       "      <td>403.540009</td>\n",
       "      <td>119.570000</td>\n",
       "      <td>287.484436</td>\n",
       "      <td>156.539612</td>\n",
       "      <td>53.205105</td>\n",
       "      <td>54.106579</td>\n",
       "      <td>229.473419</td>\n",
       "      <td>144.429810</td>\n",
       "      <td>79.155655</td>\n",
       "      <td>238.603088</td>\n",
       "      <td>14.238287</td>\n",
       "    </tr>\n",
       "    <tr>\n",
       "      <th>2023-10-27</th>\n",
       "      <td>167.363586</td>\n",
       "      <td>327.352875</td>\n",
       "      <td>121.868233</td>\n",
       "      <td>40.487751</td>\n",
       "      <td>96.430000</td>\n",
       "      <td>207.300003</td>\n",
       "      <td>397.869995</td>\n",
       "      <td>127.739998</td>\n",
       "      <td>295.839264</td>\n",
       "      <td>154.803619</td>\n",
       "      <td>53.007767</td>\n",
       "      <td>53.582783</td>\n",
       "      <td>227.479126</td>\n",
       "      <td>141.134125</td>\n",
       "      <td>78.709175</td>\n",
       "      <td>234.794189</td>\n",
       "      <td>13.955782</td>\n",
       "    </tr>\n",
       "    <tr>\n",
       "      <th>2023-10-30</th>\n",
       "      <td>169.423035</td>\n",
       "      <td>334.797028</td>\n",
       "      <td>124.152580</td>\n",
       "      <td>41.148548</td>\n",
       "      <td>96.180000</td>\n",
       "      <td>197.360001</td>\n",
       "      <td>410.079987</td>\n",
       "      <td>132.710007</td>\n",
       "      <td>301.751465</td>\n",
       "      <td>157.383362</td>\n",
       "      <td>53.616219</td>\n",
       "      <td>54.465481</td>\n",
       "      <td>231.259354</td>\n",
       "      <td>142.520248</td>\n",
       "      <td>80.048607</td>\n",
       "      <td>238.337372</td>\n",
       "      <td>14.370124</td>\n",
       "    </tr>\n",
       "    <tr>\n",
       "      <th>2023-10-31</th>\n",
       "      <td>169.900620</td>\n",
       "      <td>335.591034</td>\n",
       "      <td>123.773521</td>\n",
       "      <td>40.767666</td>\n",
       "      <td>98.500000</td>\n",
       "      <td>200.839996</td>\n",
       "      <td>411.690002</td>\n",
       "      <td>133.089996</td>\n",
       "      <td>300.365631</td>\n",
       "      <td>158.353165</td>\n",
       "      <td>53.744492</td>\n",
       "      <td>54.795280</td>\n",
       "      <td>233.263580</td>\n",
       "      <td>143.790054</td>\n",
       "      <td>80.951477</td>\n",
       "      <td>222.481674</td>\n",
       "      <td>14.501960</td>\n",
       "    </tr>\n",
       "    <tr>\n",
       "      <th>2023-11-01</th>\n",
       "      <td>173.084305</td>\n",
       "      <td>343.491730</td>\n",
       "      <td>126.137657</td>\n",
       "      <td>42.312202</td>\n",
       "      <td>108.040001</td>\n",
       "      <td>205.660004</td>\n",
       "      <td>420.190002</td>\n",
       "      <td>137.000000</td>\n",
       "      <td>310.913910</td>\n",
       "      <td>159.895203</td>\n",
       "      <td>54.224678</td>\n",
       "      <td>54.746777</td>\n",
       "      <td>236.716400</td>\n",
       "      <td>144.129349</td>\n",
       "      <td>80.435555</td>\n",
       "      <td>228.170425</td>\n",
       "      <td>14.671464</td>\n",
       "    </tr>\n",
       "  </tbody>\n",
       "</table>\n",
       "</div>"
      ],
      "text/plain": [
       "                  AAPL        MSFT       GOOGL       NVDA         AMD  \\\n",
       "2023-10-26  166.040359  325.447174  121.977959  40.313805   93.669998   \n",
       "2023-10-27  167.363586  327.352875  121.868233  40.487751   96.430000   \n",
       "2023-10-30  169.423035  334.797028  124.152580  41.148548   96.180000   \n",
       "2023-10-31  169.900620  335.591034  123.773521  40.767666   98.500000   \n",
       "2023-11-01  173.084305  343.491730  126.137657  42.312202  108.040001   \n",
       "\n",
       "                  TSLA        NFLX        AMZN        META         PEP  \\\n",
       "2023-10-26  205.759995  403.540009  119.570000  287.484436  156.539612   \n",
       "2023-10-27  207.300003  397.869995  127.739998  295.839264  154.803619   \n",
       "2023-10-30  197.360001  410.079987  132.710007  301.751465  157.383362   \n",
       "2023-10-31  200.839996  411.690002  133.089996  300.365631  158.353165   \n",
       "2023-11-01  205.660004  420.190002  137.000000  310.913910  159.895203   \n",
       "\n",
       "                  WMT         KO           V         JNJ        DIS  \\\n",
       "2023-10-26  53.205105  54.106579  229.473419  144.429810  79.155655   \n",
       "2023-10-27  53.007767  53.582783  227.479126  141.134125  78.709175   \n",
       "2023-10-30  53.616219  54.465481  231.259354  142.520248  80.048607   \n",
       "2023-10-31  53.744492  54.795280  233.263580  143.790054  80.951477   \n",
       "2023-11-01  54.224678  54.746777  236.716400  144.129349  80.435555   \n",
       "\n",
       "                   CAT          T  \n",
       "2023-10-26  238.603088  14.238287  \n",
       "2023-10-27  234.794189  13.955782  \n",
       "2023-10-30  238.337372  14.370124  \n",
       "2023-10-31  222.481674  14.501960  \n",
       "2023-11-01  228.170425  14.671464  "
      ]
     },
     "metadata": {},
     "output_type": "display_data"
    }
   ],
   "source": [
    "# Muestra los primeros datos descargados de ambas listas\n",
    "print(\"Datos históricos de la lista 1:\\n\")\n",
    "display(historical_data_1.head())\n",
    "\n",
    "#print(\"\\nDatos históricos de la lista 2:\\n\")\n",
    "#display(historical_data_2.head())\n"
   ]
  },
  {
   "cell_type": "code",
   "execution_count": 14,
   "metadata": {},
   "outputs": [],
   "source": [
    "def log_returns(df):\n",
    "  log_returns = np.log(df/df.shift(1)).dropna()\n",
    "  return log_returns"
   ]
  },
  {
   "cell_type": "code",
   "execution_count": 15,
   "metadata": {},
   "outputs": [],
   "source": [
    "def log_returns_calc(df):\n",
    "    log_returns = np.log(df/df.shift(1)).dropna()\n",
    "    return log_returns"
   ]
  },
  {
   "cell_type": "code",
   "execution_count": 16,
   "metadata": {},
   "outputs": [
    {
     "data": {
      "text/html": [
       "<div>\n",
       "<style scoped>\n",
       "    .dataframe tbody tr th:only-of-type {\n",
       "        vertical-align: middle;\n",
       "    }\n",
       "\n",
       "    .dataframe tbody tr th {\n",
       "        vertical-align: top;\n",
       "    }\n",
       "\n",
       "    .dataframe thead th {\n",
       "        text-align: right;\n",
       "    }\n",
       "</style>\n",
       "<table border=\"1\" class=\"dataframe\">\n",
       "  <thead>\n",
       "    <tr style=\"text-align: right;\">\n",
       "      <th></th>\n",
       "      <th>AAPL</th>\n",
       "      <th>MSFT</th>\n",
       "      <th>GOOGL</th>\n",
       "      <th>NVDA</th>\n",
       "      <th>AMD</th>\n",
       "      <th>TSLA</th>\n",
       "      <th>NFLX</th>\n",
       "      <th>AMZN</th>\n",
       "      <th>META</th>\n",
       "      <th>PEP</th>\n",
       "      <th>WMT</th>\n",
       "      <th>KO</th>\n",
       "      <th>V</th>\n",
       "      <th>JNJ</th>\n",
       "      <th>DIS</th>\n",
       "      <th>CAT</th>\n",
       "      <th>T</th>\n",
       "    </tr>\n",
       "  </thead>\n",
       "  <tbody>\n",
       "    <tr>\n",
       "      <th>2023-10-27</th>\n",
       "      <td>0.007938</td>\n",
       "      <td>0.005839</td>\n",
       "      <td>-0.000900</td>\n",
       "      <td>0.004306</td>\n",
       "      <td>0.029039</td>\n",
       "      <td>0.007457</td>\n",
       "      <td>-0.014150</td>\n",
       "      <td>0.066095</td>\n",
       "      <td>0.028648</td>\n",
       "      <td>-0.011152</td>\n",
       "      <td>-0.003716</td>\n",
       "      <td>-0.009728</td>\n",
       "      <td>-0.008729</td>\n",
       "      <td>-0.023083</td>\n",
       "      <td>-0.005656</td>\n",
       "      <td>-0.016092</td>\n",
       "      <td>-0.020041</td>\n",
       "    </tr>\n",
       "    <tr>\n",
       "      <th>2023-10-30</th>\n",
       "      <td>0.012230</td>\n",
       "      <td>0.022486</td>\n",
       "      <td>0.018571</td>\n",
       "      <td>0.016189</td>\n",
       "      <td>-0.002596</td>\n",
       "      <td>-0.049138</td>\n",
       "      <td>0.030227</td>\n",
       "      <td>0.038169</td>\n",
       "      <td>0.019787</td>\n",
       "      <td>0.016527</td>\n",
       "      <td>0.011413</td>\n",
       "      <td>0.016339</td>\n",
       "      <td>0.016481</td>\n",
       "      <td>0.009773</td>\n",
       "      <td>0.016874</td>\n",
       "      <td>0.014978</td>\n",
       "      <td>0.029257</td>\n",
       "    </tr>\n",
       "    <tr>\n",
       "      <th>2023-10-31</th>\n",
       "      <td>0.002815</td>\n",
       "      <td>0.002369</td>\n",
       "      <td>-0.003058</td>\n",
       "      <td>-0.009299</td>\n",
       "      <td>0.023835</td>\n",
       "      <td>0.017479</td>\n",
       "      <td>0.003918</td>\n",
       "      <td>0.002859</td>\n",
       "      <td>-0.004603</td>\n",
       "      <td>0.006143</td>\n",
       "      <td>0.002390</td>\n",
       "      <td>0.006037</td>\n",
       "      <td>0.008629</td>\n",
       "      <td>0.008870</td>\n",
       "      <td>0.011216</td>\n",
       "      <td>-0.068842</td>\n",
       "      <td>0.009132</td>\n",
       "    </tr>\n",
       "    <tr>\n",
       "      <th>2023-11-01</th>\n",
       "      <td>0.018565</td>\n",
       "      <td>0.023270</td>\n",
       "      <td>0.018920</td>\n",
       "      <td>0.037186</td>\n",
       "      <td>0.092445</td>\n",
       "      <td>0.023716</td>\n",
       "      <td>0.020436</td>\n",
       "      <td>0.028955</td>\n",
       "      <td>0.034516</td>\n",
       "      <td>0.009691</td>\n",
       "      <td>0.008895</td>\n",
       "      <td>-0.000886</td>\n",
       "      <td>0.014694</td>\n",
       "      <td>0.002357</td>\n",
       "      <td>-0.006394</td>\n",
       "      <td>0.025248</td>\n",
       "      <td>0.011621</td>\n",
       "    </tr>\n",
       "    <tr>\n",
       "      <th>2023-11-02</th>\n",
       "      <td>0.020482</td>\n",
       "      <td>0.006480</td>\n",
       "      <td>0.008191</td>\n",
       "      <td>0.027521</td>\n",
       "      <td>-0.001946</td>\n",
       "      <td>0.060607</td>\n",
       "      <td>0.010700</td>\n",
       "      <td>0.007780</td>\n",
       "      <td>-0.003148</td>\n",
       "      <td>0.011818</td>\n",
       "      <td>0.003935</td>\n",
       "      <td>0.011451</td>\n",
       "      <td>0.019385</td>\n",
       "      <td>0.010370</td>\n",
       "      <td>0.027016</td>\n",
       "      <td>0.030961</td>\n",
       "      <td>0.009582</td>\n",
       "    </tr>\n",
       "  </tbody>\n",
       "</table>\n",
       "</div>"
      ],
      "text/plain": [
       "                AAPL      MSFT     GOOGL      NVDA       AMD      TSLA  \\\n",
       "2023-10-27  0.007938  0.005839 -0.000900  0.004306  0.029039  0.007457   \n",
       "2023-10-30  0.012230  0.022486  0.018571  0.016189 -0.002596 -0.049138   \n",
       "2023-10-31  0.002815  0.002369 -0.003058 -0.009299  0.023835  0.017479   \n",
       "2023-11-01  0.018565  0.023270  0.018920  0.037186  0.092445  0.023716   \n",
       "2023-11-02  0.020482  0.006480  0.008191  0.027521 -0.001946  0.060607   \n",
       "\n",
       "                NFLX      AMZN      META       PEP       WMT        KO  \\\n",
       "2023-10-27 -0.014150  0.066095  0.028648 -0.011152 -0.003716 -0.009728   \n",
       "2023-10-30  0.030227  0.038169  0.019787  0.016527  0.011413  0.016339   \n",
       "2023-10-31  0.003918  0.002859 -0.004603  0.006143  0.002390  0.006037   \n",
       "2023-11-01  0.020436  0.028955  0.034516  0.009691  0.008895 -0.000886   \n",
       "2023-11-02  0.010700  0.007780 -0.003148  0.011818  0.003935  0.011451   \n",
       "\n",
       "                   V       JNJ       DIS       CAT         T  \n",
       "2023-10-27 -0.008729 -0.023083 -0.005656 -0.016092 -0.020041  \n",
       "2023-10-30  0.016481  0.009773  0.016874  0.014978  0.029257  \n",
       "2023-10-31  0.008629  0.008870  0.011216 -0.068842  0.009132  \n",
       "2023-11-01  0.014694  0.002357 -0.006394  0.025248  0.011621  \n",
       "2023-11-02  0.019385  0.010370  0.027016  0.030961  0.009582  "
      ]
     },
     "execution_count": 16,
     "metadata": {},
     "output_type": "execute_result"
    }
   ],
   "source": [
    "log_returns = log_returns_calc(historical_data_1)#Le puedo cambiar el data frame entre Historical data 1 y 2\n",
    "log_returns.head()"
   ]
  },
  {
   "cell_type": "code",
   "execution_count": 19,
   "metadata": {},
   "outputs": [],
   "source": [
    "def correlations(df_returns):\n",
    "    correlations = df_returns.corr()\n",
    "    return correlations"
   ]
  },
  {
   "cell_type": "code",
   "execution_count": 20,
   "metadata": {},
   "outputs": [
    {
     "data": {
      "text/html": [
       "<div>\n",
       "<style scoped>\n",
       "    .dataframe tbody tr th:only-of-type {\n",
       "        vertical-align: middle;\n",
       "    }\n",
       "\n",
       "    .dataframe tbody tr th {\n",
       "        vertical-align: top;\n",
       "    }\n",
       "\n",
       "    .dataframe thead th {\n",
       "        text-align: right;\n",
       "    }\n",
       "</style>\n",
       "<table border=\"1\" class=\"dataframe\">\n",
       "  <thead>\n",
       "    <tr style=\"text-align: right;\">\n",
       "      <th></th>\n",
       "      <th>AAPL</th>\n",
       "      <th>MSFT</th>\n",
       "      <th>GOOGL</th>\n",
       "      <th>NVDA</th>\n",
       "      <th>AMD</th>\n",
       "      <th>TSLA</th>\n",
       "      <th>NFLX</th>\n",
       "      <th>AMZN</th>\n",
       "      <th>META</th>\n",
       "      <th>PEP</th>\n",
       "      <th>WMT</th>\n",
       "      <th>KO</th>\n",
       "      <th>V</th>\n",
       "      <th>JNJ</th>\n",
       "      <th>DIS</th>\n",
       "      <th>CAT</th>\n",
       "      <th>T</th>\n",
       "    </tr>\n",
       "  </thead>\n",
       "  <tbody>\n",
       "    <tr>\n",
       "      <th>AAPL</th>\n",
       "      <td>1.000000</td>\n",
       "      <td>0.484488</td>\n",
       "      <td>0.398305</td>\n",
       "      <td>0.292200</td>\n",
       "      <td>0.286003</td>\n",
       "      <td>0.366460</td>\n",
       "      <td>0.323504</td>\n",
       "      <td>0.371573</td>\n",
       "      <td>0.233674</td>\n",
       "      <td>0.029429</td>\n",
       "      <td>0.042090</td>\n",
       "      <td>0.086582</td>\n",
       "      <td>0.208615</td>\n",
       "      <td>-0.048221</td>\n",
       "      <td>0.066078</td>\n",
       "      <td>0.197937</td>\n",
       "      <td>-0.104032</td>\n",
       "    </tr>\n",
       "    <tr>\n",
       "      <th>MSFT</th>\n",
       "      <td>0.484488</td>\n",
       "      <td>1.000000</td>\n",
       "      <td>0.608633</td>\n",
       "      <td>0.470452</td>\n",
       "      <td>0.414580</td>\n",
       "      <td>0.262176</td>\n",
       "      <td>0.455427</td>\n",
       "      <td>0.651955</td>\n",
       "      <td>0.580657</td>\n",
       "      <td>-0.011699</td>\n",
       "      <td>0.113367</td>\n",
       "      <td>0.054075</td>\n",
       "      <td>0.347837</td>\n",
       "      <td>-0.073459</td>\n",
       "      <td>0.164060</td>\n",
       "      <td>0.235126</td>\n",
       "      <td>-0.192878</td>\n",
       "    </tr>\n",
       "    <tr>\n",
       "      <th>GOOGL</th>\n",
       "      <td>0.398305</td>\n",
       "      <td>0.608633</td>\n",
       "      <td>1.000000</td>\n",
       "      <td>0.345352</td>\n",
       "      <td>0.354138</td>\n",
       "      <td>0.197937</td>\n",
       "      <td>0.336844</td>\n",
       "      <td>0.514042</td>\n",
       "      <td>0.406910</td>\n",
       "      <td>0.021791</td>\n",
       "      <td>0.061800</td>\n",
       "      <td>0.058687</td>\n",
       "      <td>0.206516</td>\n",
       "      <td>-0.091428</td>\n",
       "      <td>0.110615</td>\n",
       "      <td>0.198557</td>\n",
       "      <td>-0.095913</td>\n",
       "    </tr>\n",
       "    <tr>\n",
       "      <th>NVDA</th>\n",
       "      <td>0.292200</td>\n",
       "      <td>0.470452</td>\n",
       "      <td>0.345352</td>\n",
       "      <td>1.000000</td>\n",
       "      <td>0.583326</td>\n",
       "      <td>0.251316</td>\n",
       "      <td>0.443564</td>\n",
       "      <td>0.441739</td>\n",
       "      <td>0.393221</td>\n",
       "      <td>-0.241506</td>\n",
       "      <td>-0.020325</td>\n",
       "      <td>-0.284006</td>\n",
       "      <td>0.138627</td>\n",
       "      <td>-0.338435</td>\n",
       "      <td>0.113567</td>\n",
       "      <td>0.258069</td>\n",
       "      <td>-0.249689</td>\n",
       "    </tr>\n",
       "    <tr>\n",
       "      <th>AMD</th>\n",
       "      <td>0.286003</td>\n",
       "      <td>0.414580</td>\n",
       "      <td>0.354138</td>\n",
       "      <td>0.583326</td>\n",
       "      <td>1.000000</td>\n",
       "      <td>0.272757</td>\n",
       "      <td>0.381744</td>\n",
       "      <td>0.406179</td>\n",
       "      <td>0.379592</td>\n",
       "      <td>-0.168121</td>\n",
       "      <td>-0.016035</td>\n",
       "      <td>-0.218836</td>\n",
       "      <td>0.189340</td>\n",
       "      <td>-0.244295</td>\n",
       "      <td>0.122163</td>\n",
       "      <td>0.307386</td>\n",
       "      <td>-0.159820</td>\n",
       "    </tr>\n",
       "    <tr>\n",
       "      <th>TSLA</th>\n",
       "      <td>0.366460</td>\n",
       "      <td>0.262176</td>\n",
       "      <td>0.197937</td>\n",
       "      <td>0.251316</td>\n",
       "      <td>0.272757</td>\n",
       "      <td>1.000000</td>\n",
       "      <td>0.180725</td>\n",
       "      <td>0.283076</td>\n",
       "      <td>0.151521</td>\n",
       "      <td>0.015824</td>\n",
       "      <td>0.126570</td>\n",
       "      <td>-0.084982</td>\n",
       "      <td>0.184143</td>\n",
       "      <td>-0.109327</td>\n",
       "      <td>0.136386</td>\n",
       "      <td>0.199450</td>\n",
       "      <td>-0.123788</td>\n",
       "    </tr>\n",
       "    <tr>\n",
       "      <th>NFLX</th>\n",
       "      <td>0.323504</td>\n",
       "      <td>0.455427</td>\n",
       "      <td>0.336844</td>\n",
       "      <td>0.443564</td>\n",
       "      <td>0.381744</td>\n",
       "      <td>0.180725</td>\n",
       "      <td>1.000000</td>\n",
       "      <td>0.395009</td>\n",
       "      <td>0.336308</td>\n",
       "      <td>-0.087970</td>\n",
       "      <td>0.031528</td>\n",
       "      <td>-0.095135</td>\n",
       "      <td>0.201737</td>\n",
       "      <td>-0.140117</td>\n",
       "      <td>0.119520</td>\n",
       "      <td>0.237480</td>\n",
       "      <td>-0.165928</td>\n",
       "    </tr>\n",
       "    <tr>\n",
       "      <th>AMZN</th>\n",
       "      <td>0.371573</td>\n",
       "      <td>0.651955</td>\n",
       "      <td>0.514042</td>\n",
       "      <td>0.441739</td>\n",
       "      <td>0.406179</td>\n",
       "      <td>0.283076</td>\n",
       "      <td>0.395009</td>\n",
       "      <td>1.000000</td>\n",
       "      <td>0.588460</td>\n",
       "      <td>-0.109771</td>\n",
       "      <td>0.173243</td>\n",
       "      <td>-0.056085</td>\n",
       "      <td>0.242578</td>\n",
       "      <td>-0.142827</td>\n",
       "      <td>0.148654</td>\n",
       "      <td>0.325661</td>\n",
       "      <td>-0.164541</td>\n",
       "    </tr>\n",
       "    <tr>\n",
       "      <th>META</th>\n",
       "      <td>0.233674</td>\n",
       "      <td>0.580657</td>\n",
       "      <td>0.406910</td>\n",
       "      <td>0.393221</td>\n",
       "      <td>0.379592</td>\n",
       "      <td>0.151521</td>\n",
       "      <td>0.336308</td>\n",
       "      <td>0.588460</td>\n",
       "      <td>1.000000</td>\n",
       "      <td>-0.069012</td>\n",
       "      <td>0.075560</td>\n",
       "      <td>-0.083679</td>\n",
       "      <td>0.211353</td>\n",
       "      <td>-0.161523</td>\n",
       "      <td>0.086778</td>\n",
       "      <td>0.306567</td>\n",
       "      <td>-0.162980</td>\n",
       "    </tr>\n",
       "    <tr>\n",
       "      <th>PEP</th>\n",
       "      <td>0.029429</td>\n",
       "      <td>-0.011699</td>\n",
       "      <td>0.021791</td>\n",
       "      <td>-0.241506</td>\n",
       "      <td>-0.168121</td>\n",
       "      <td>0.015824</td>\n",
       "      <td>-0.087970</td>\n",
       "      <td>-0.109771</td>\n",
       "      <td>-0.069012</td>\n",
       "      <td>1.000000</td>\n",
       "      <td>0.234886</td>\n",
       "      <td>0.578538</td>\n",
       "      <td>0.256702</td>\n",
       "      <td>0.350932</td>\n",
       "      <td>0.079811</td>\n",
       "      <td>-0.044322</td>\n",
       "      <td>0.286414</td>\n",
       "    </tr>\n",
       "    <tr>\n",
       "      <th>WMT</th>\n",
       "      <td>0.042090</td>\n",
       "      <td>0.113367</td>\n",
       "      <td>0.061800</td>\n",
       "      <td>-0.020325</td>\n",
       "      <td>-0.016035</td>\n",
       "      <td>0.126570</td>\n",
       "      <td>0.031528</td>\n",
       "      <td>0.173243</td>\n",
       "      <td>0.075560</td>\n",
       "      <td>0.234886</td>\n",
       "      <td>1.000000</td>\n",
       "      <td>0.290096</td>\n",
       "      <td>0.168695</td>\n",
       "      <td>0.149112</td>\n",
       "      <td>0.067446</td>\n",
       "      <td>0.008606</td>\n",
       "      <td>0.089261</td>\n",
       "    </tr>\n",
       "    <tr>\n",
       "      <th>KO</th>\n",
       "      <td>0.086582</td>\n",
       "      <td>0.054075</td>\n",
       "      <td>0.058687</td>\n",
       "      <td>-0.284006</td>\n",
       "      <td>-0.218836</td>\n",
       "      <td>-0.084982</td>\n",
       "      <td>-0.095135</td>\n",
       "      <td>-0.056085</td>\n",
       "      <td>-0.083679</td>\n",
       "      <td>0.578538</td>\n",
       "      <td>0.290096</td>\n",
       "      <td>1.000000</td>\n",
       "      <td>0.320242</td>\n",
       "      <td>0.484966</td>\n",
       "      <td>0.099492</td>\n",
       "      <td>-0.060961</td>\n",
       "      <td>0.348487</td>\n",
       "    </tr>\n",
       "    <tr>\n",
       "      <th>V</th>\n",
       "      <td>0.208615</td>\n",
       "      <td>0.347837</td>\n",
       "      <td>0.206516</td>\n",
       "      <td>0.138627</td>\n",
       "      <td>0.189340</td>\n",
       "      <td>0.184143</td>\n",
       "      <td>0.201737</td>\n",
       "      <td>0.242578</td>\n",
       "      <td>0.211353</td>\n",
       "      <td>0.256702</td>\n",
       "      <td>0.168695</td>\n",
       "      <td>0.320242</td>\n",
       "      <td>1.000000</td>\n",
       "      <td>0.193829</td>\n",
       "      <td>0.132236</td>\n",
       "      <td>0.195199</td>\n",
       "      <td>0.070339</td>\n",
       "    </tr>\n",
       "    <tr>\n",
       "      <th>JNJ</th>\n",
       "      <td>-0.048221</td>\n",
       "      <td>-0.073459</td>\n",
       "      <td>-0.091428</td>\n",
       "      <td>-0.338435</td>\n",
       "      <td>-0.244295</td>\n",
       "      <td>-0.109327</td>\n",
       "      <td>-0.140117</td>\n",
       "      <td>-0.142827</td>\n",
       "      <td>-0.161523</td>\n",
       "      <td>0.350932</td>\n",
       "      <td>0.149112</td>\n",
       "      <td>0.484966</td>\n",
       "      <td>0.193829</td>\n",
       "      <td>1.000000</td>\n",
       "      <td>0.038219</td>\n",
       "      <td>0.043995</td>\n",
       "      <td>0.408703</td>\n",
       "    </tr>\n",
       "    <tr>\n",
       "      <th>DIS</th>\n",
       "      <td>0.066078</td>\n",
       "      <td>0.164060</td>\n",
       "      <td>0.110615</td>\n",
       "      <td>0.113567</td>\n",
       "      <td>0.122163</td>\n",
       "      <td>0.136386</td>\n",
       "      <td>0.119520</td>\n",
       "      <td>0.148654</td>\n",
       "      <td>0.086778</td>\n",
       "      <td>0.079811</td>\n",
       "      <td>0.067446</td>\n",
       "      <td>0.099492</td>\n",
       "      <td>0.132236</td>\n",
       "      <td>0.038219</td>\n",
       "      <td>1.000000</td>\n",
       "      <td>0.212784</td>\n",
       "      <td>0.044018</td>\n",
       "    </tr>\n",
       "    <tr>\n",
       "      <th>CAT</th>\n",
       "      <td>0.197937</td>\n",
       "      <td>0.235126</td>\n",
       "      <td>0.198557</td>\n",
       "      <td>0.258069</td>\n",
       "      <td>0.307386</td>\n",
       "      <td>0.199450</td>\n",
       "      <td>0.237480</td>\n",
       "      <td>0.325661</td>\n",
       "      <td>0.306567</td>\n",
       "      <td>-0.044322</td>\n",
       "      <td>0.008606</td>\n",
       "      <td>-0.060961</td>\n",
       "      <td>0.195199</td>\n",
       "      <td>0.043995</td>\n",
       "      <td>0.212784</td>\n",
       "      <td>1.000000</td>\n",
       "      <td>0.083312</td>\n",
       "    </tr>\n",
       "    <tr>\n",
       "      <th>T</th>\n",
       "      <td>-0.104032</td>\n",
       "      <td>-0.192878</td>\n",
       "      <td>-0.095913</td>\n",
       "      <td>-0.249689</td>\n",
       "      <td>-0.159820</td>\n",
       "      <td>-0.123788</td>\n",
       "      <td>-0.165928</td>\n",
       "      <td>-0.164541</td>\n",
       "      <td>-0.162980</td>\n",
       "      <td>0.286414</td>\n",
       "      <td>0.089261</td>\n",
       "      <td>0.348487</td>\n",
       "      <td>0.070339</td>\n",
       "      <td>0.408703</td>\n",
       "      <td>0.044018</td>\n",
       "      <td>0.083312</td>\n",
       "      <td>1.000000</td>\n",
       "    </tr>\n",
       "  </tbody>\n",
       "</table>\n",
       "</div>"
      ],
      "text/plain": [
       "           AAPL      MSFT     GOOGL      NVDA       AMD      TSLA      NFLX  \\\n",
       "AAPL   1.000000  0.484488  0.398305  0.292200  0.286003  0.366460  0.323504   \n",
       "MSFT   0.484488  1.000000  0.608633  0.470452  0.414580  0.262176  0.455427   \n",
       "GOOGL  0.398305  0.608633  1.000000  0.345352  0.354138  0.197937  0.336844   \n",
       "NVDA   0.292200  0.470452  0.345352  1.000000  0.583326  0.251316  0.443564   \n",
       "AMD    0.286003  0.414580  0.354138  0.583326  1.000000  0.272757  0.381744   \n",
       "TSLA   0.366460  0.262176  0.197937  0.251316  0.272757  1.000000  0.180725   \n",
       "NFLX   0.323504  0.455427  0.336844  0.443564  0.381744  0.180725  1.000000   \n",
       "AMZN   0.371573  0.651955  0.514042  0.441739  0.406179  0.283076  0.395009   \n",
       "META   0.233674  0.580657  0.406910  0.393221  0.379592  0.151521  0.336308   \n",
       "PEP    0.029429 -0.011699  0.021791 -0.241506 -0.168121  0.015824 -0.087970   \n",
       "WMT    0.042090  0.113367  0.061800 -0.020325 -0.016035  0.126570  0.031528   \n",
       "KO     0.086582  0.054075  0.058687 -0.284006 -0.218836 -0.084982 -0.095135   \n",
       "V      0.208615  0.347837  0.206516  0.138627  0.189340  0.184143  0.201737   \n",
       "JNJ   -0.048221 -0.073459 -0.091428 -0.338435 -0.244295 -0.109327 -0.140117   \n",
       "DIS    0.066078  0.164060  0.110615  0.113567  0.122163  0.136386  0.119520   \n",
       "CAT    0.197937  0.235126  0.198557  0.258069  0.307386  0.199450  0.237480   \n",
       "T     -0.104032 -0.192878 -0.095913 -0.249689 -0.159820 -0.123788 -0.165928   \n",
       "\n",
       "           AMZN      META       PEP       WMT        KO         V       JNJ  \\\n",
       "AAPL   0.371573  0.233674  0.029429  0.042090  0.086582  0.208615 -0.048221   \n",
       "MSFT   0.651955  0.580657 -0.011699  0.113367  0.054075  0.347837 -0.073459   \n",
       "GOOGL  0.514042  0.406910  0.021791  0.061800  0.058687  0.206516 -0.091428   \n",
       "NVDA   0.441739  0.393221 -0.241506 -0.020325 -0.284006  0.138627 -0.338435   \n",
       "AMD    0.406179  0.379592 -0.168121 -0.016035 -0.218836  0.189340 -0.244295   \n",
       "TSLA   0.283076  0.151521  0.015824  0.126570 -0.084982  0.184143 -0.109327   \n",
       "NFLX   0.395009  0.336308 -0.087970  0.031528 -0.095135  0.201737 -0.140117   \n",
       "AMZN   1.000000  0.588460 -0.109771  0.173243 -0.056085  0.242578 -0.142827   \n",
       "META   0.588460  1.000000 -0.069012  0.075560 -0.083679  0.211353 -0.161523   \n",
       "PEP   -0.109771 -0.069012  1.000000  0.234886  0.578538  0.256702  0.350932   \n",
       "WMT    0.173243  0.075560  0.234886  1.000000  0.290096  0.168695  0.149112   \n",
       "KO    -0.056085 -0.083679  0.578538  0.290096  1.000000  0.320242  0.484966   \n",
       "V      0.242578  0.211353  0.256702  0.168695  0.320242  1.000000  0.193829   \n",
       "JNJ   -0.142827 -0.161523  0.350932  0.149112  0.484966  0.193829  1.000000   \n",
       "DIS    0.148654  0.086778  0.079811  0.067446  0.099492  0.132236  0.038219   \n",
       "CAT    0.325661  0.306567 -0.044322  0.008606 -0.060961  0.195199  0.043995   \n",
       "T     -0.164541 -0.162980  0.286414  0.089261  0.348487  0.070339  0.408703   \n",
       "\n",
       "            DIS       CAT         T  \n",
       "AAPL   0.066078  0.197937 -0.104032  \n",
       "MSFT   0.164060  0.235126 -0.192878  \n",
       "GOOGL  0.110615  0.198557 -0.095913  \n",
       "NVDA   0.113567  0.258069 -0.249689  \n",
       "AMD    0.122163  0.307386 -0.159820  \n",
       "TSLA   0.136386  0.199450 -0.123788  \n",
       "NFLX   0.119520  0.237480 -0.165928  \n",
       "AMZN   0.148654  0.325661 -0.164541  \n",
       "META   0.086778  0.306567 -0.162980  \n",
       "PEP    0.079811 -0.044322  0.286414  \n",
       "WMT    0.067446  0.008606  0.089261  \n",
       "KO     0.099492 -0.060961  0.348487  \n",
       "V      0.132236  0.195199  0.070339  \n",
       "JNJ    0.038219  0.043995  0.408703  \n",
       "DIS    1.000000  0.212784  0.044018  \n",
       "CAT    0.212784  1.000000  0.083312  \n",
       "T      0.044018  0.083312  1.000000  "
      ]
     },
     "execution_count": 20,
     "metadata": {},
     "output_type": "execute_result"
    }
   ],
   "source": [
    "correlations_matrix = correlations(log_returns)\n",
    "correlations_matrix"
   ]
  },
  {
   "cell_type": "markdown",
   "metadata": {},
   "source": [
    "Analisis resultados de correlacion"
   ]
  },
  {
   "cell_type": "code",
   "execution_count": null,
   "metadata": {},
   "outputs": [],
   "source": [
    "def covariance_matrix_calc(df_returns):\n",
    "    '''\n",
    "    Calcula y retorna la matriz de varianza y covarianza de los log-rendimientos de un portafolio.\n",
    "    \n",
    "    Parámetros:\n",
    "        - df_returns (Dataframe): Dataframe con los log_rendimientos de los activos.\n",
    "        \n",
    "    Return:\n",
    "        - covariance_matrix (pd.Dataframe): Dataframe con la matriz de varianza y covarianza entre activos.\n",
    "    '''\n",
    "    covariance_matrix = df_returns.cov()\n",
    "    \n",
    "    return covariance_matrix"
   ]
  },
  {
   "cell_type": "code",
   "execution_count": null,
   "metadata": {},
   "outputs": [],
   "source": [
    "covariance_matrix = covariance_matrix_calc(log_returns)\n",
    "covariance_matrix"
   ]
  },
  {
   "cell_type": "markdown",
   "metadata": {},
   "source": [
    "Analisis de los resultados de matriz de covarianza"
   ]
  },
  {
   "cell_type": "code",
   "execution_count": null,
   "metadata": {},
   "outputs": [],
   "source": [
    "# Función para calcular la varianza del portafolio\n",
    "def calcular_varianza(pesos, cov_matrix):\n",
    "    \"\"\"\n",
    "    Calcula la varianza de un portafolio dado un conjunto de pesos y la matriz de covarianza.\n",
    "    \n",
    "    Parámetros:\n",
    "    - pesos (array): Pesos de los activos en el portafolio.\n",
    "    - cov_matrix (DataFrame): Matriz de covarianza de los activos.\n",
    "    \n",
    "    Return:\n",
    "    - varianza (float): Varianza del portafolio.\n",
    "    \"\"\"\n",
    "    return np.dot(pesos.T, np.dot(cov_matrix, pesos))\n",
    "\n",
    "# Función para calcular el rendimiento esperado del portafolio\n",
    "def calcular_rendimiento(pesos, rendimientos_esperados):\n",
    "    \"\"\"\n",
    "    Calcula el rendimiento esperado de un portafolio dado un conjunto de pesos y los rendimientos esperados de los activos.\n",
    "    \n",
    "    Parámetros:\n",
    "    - pesos (array): Pesos de los activos en el portafolio.\n",
    "    - rendimientos_esperados (array): Rendimientos esperados de los activos.\n",
    "    \n",
    "    Return:\n",
    "    - rendimiento_portafolio (float): Rendimiento esperado del portafolio.\n",
    "    \"\"\"\n",
    "    return np.dot(pesos, rendimientos_esperados)\n",
    "\n",
    "# Función de optimización para minimizar la varianza sujeta a un nivel de rendimiento\n",
    "def minimizar_varianza(rendimientos_esperados, cov_matrix, retorno_objetivo):\n",
    "    \"\"\"\n",
    "    Optimiza el portafolio para minimizar la varianza sujeta a un nivel de rendimiento objetivo.\n",
    "    \n",
    "    Parámetros:\n",
    "    - rendimientos_esperados (array): Rendimientos esperados de los activos.\n",
    "    - cov_matrix (DataFrame): Matriz de covarianza de los activos.\n",
    "    - retorno_objetivo (float): Nivel de rendimiento objetivo para el portafolio.\n",
    "    \n",
    "    Return:\n",
    "    - pesos_optimizados (array): Pesos optimizados que minimizan la varianza.\n",
    "    \"\"\"\n",
    "    num_activos = len(rendimientos_esperados)\n",
    "    \n",
    "    # Restricción: la suma de los pesos debe ser 1\n",
    "    restricciones = ({'type': 'eq', 'fun': lambda x: np.sum(x) - 1},\n",
    "                     # Restricción del rendimiento objetivo\n",
    "                     {'type': 'eq', 'fun': lambda x: calcular_rendimiento(x, rendimientos_esperados) - retorno_objetivo})\n",
    "    \n",
    "    # Limitar los pesos a ser no negativos (puedes cambiar esto si permites ventas en corto)\n",
    "    limites = tuple((0, 1) for _ in range(num_activos))\n",
    "    \n",
    "    # Pesos iniciales iguales\n",
    "    pesos_iniciales = np.ones(num_activos) / num_activos\n",
    "    \n",
    "    # Minimización de la varianza\n",
    "    resultado = minimize(calcular_varianza, pesos_iniciales, args=(cov_matrix,),\n",
    "                         method='SLSQP', bounds=limites, constraints=restricciones)\n",
    "    \n",
    "    return resultado.x\n",
    "\n",
    "# Función para generar la frontera eficiente\n",
    "def frontera_eficiente(rendimientos_esperados, cov_matrix, num_portafolios=100):\n",
    "    \"\"\"\n",
    "    Genera la frontera eficiente calculando los portafolios de mínima varianza para diferentes niveles de rendimiento.\n",
    "    \n",
    "    Parámetros:\n",
    "    - rendimientos_esperados (array): Rendimientos esperados de los activos.\n",
    "    - cov_matrix (DataFrame): Matriz de covarianza de los activos.\n",
    "    - num_portafolios (int): Número de portafolios a generar en la frontera eficiente.\n",
    "    \n",
    "    Return:\n",
    "    - retornos (array): Lista de retornos de los portafolios en la frontera eficiente.\n",
    "    - riesgos (array): Lista de riesgos (desviación estándar) de los portafolios.\n",
    "    - pesos_optimizados (list): Lista de pesos optimizados para cada portafolio.\n",
    "    \"\"\"\n",
    "    min_ret = min(rendimientos_esperados)\n",
    "    max_ret = max(rendimientos_esperados)\n",
    "    retornos = np.linspace(min_ret, max_ret, num_portafolios)\n",
    "    riesgos = []\n",
    "    pesos_optimizados = []\n",
    "    \n",
    "    for retorno in retornos:\n",
